zhang_mu.jpg [[ 28.91740751  91.93352914]
 [ 82.55313444  78.90168404]
 [ 55.56126737 124.55477547]
 [ 35.47786283 172.05038094]
 [ 91.12785673 156.50454354]]
wangq_0.jpg [[17.71630669 23.76901054]
 [41.50308037 21.68685722]
 [31.77200127 39.20086479]
 [21.30752373 52.51534843]
 [40.75289726 50.72176933]]
chen_xi.jpg [[12.35744723 31.54723967]
 [32.38633212 30.72710646]
 [22.34304294 42.98383559]
 [13.5825487  58.58629073]
 [31.2895914  57.79077376]]
dalong_0.jpg [[24.46887392 41.59978029]
 [63.15817446 39.4846985 ]
 [44.77615541 62.16505739]
 [29.78528017 85.46113893]
 [60.95062441 83.99818727]]
he_meiying.jpg [[ 7.44576643 28.43881445]
 [25.71680067 25.41429739]
 [15.90992735 39.21009665]
 [10.45230101 56.18311911]
 [26.21607588 52.98055868]]
chen_jining.jpg [[12.20784453 31.22051817]
 [31.66880491 30.79802138]
 [22.57604292 41.83632475]
 [12.68181303 58.6916905 ]
 [31.47332457 58.00719649]]
xue_qikun.jpg [[12.63907608 31.7379336 ]
 [32.2267302  33.51475856]
 [23.08645996 47.52223155]
 [11.36676392 59.25344798]
 [31.29290375 61.37604472]]
xue_qikun-2.jpg [[17.033258   24.82529603]
 [42.12270502 23.74260865]
 [30.64208368 40.99150239]
 [18.77617792 53.6526352 ]
 [40.08966974 52.70440827]]
wang_dazhong.jpg [[12.16147472 36.25035284]
 [36.523623   33.58843038]
 [24.11150981 51.72239873]
 [14.06374599 70.54478643]
 [36.06495525 69.00751684]]
wang_dazhong-2.jpg [[ 6.81380133 31.74274701]
 [24.56967597 26.20622128]
 [14.82000403 46.55272549]
 [10.92303519 65.74467343]
 [28.10864691 60.58341092]]
gu_binglin.jpg [[10.45108837 33.29464832]
 [31.74843258 31.70233265]
 [21.26020092 46.16201511]
 [11.47055096 61.28024021]
 [33.23827023 60.41235843]]
deng_wei-2.jpg [[22.07321868 28.60435894]
 [45.91825042 26.24844769]
 [39.57656036 40.80054882]
 [25.187919   54.56509045]
 [46.09198699 52.02544811]]
wang_mingzhi.jpg [[ 22.73621327  73.19793036]
 [ 59.02473408  75.0312052 ]
 [ 40.37118489 121.25886634]
 [ 23.15318257 147.70933631]
 [ 57.87894398 148.34811499]]
shi_yigong.jpg [[ 43.00619788 143.92254302]
 [126.53686805 141.09708831]
 [ 78.70912452 205.90404937]
 [ 47.91569801 281.32177397]
 [121.52450843 274.83959624]]
zhang_xiaowen.jpg [[ 5.36054294 30.73812667]
 [23.13272159 27.57564346]
 [10.60177295 43.40746871]
 [ 6.41928927 58.64648238]
 [24.52999942 55.61414901]]
